0 0 0
2

2

60 60 100
1.0 1.0 1.0
1.0 1.0 1.0

-80 -80 0
1.0 1.0 1.0
1.0 1.0 1.0

4

0 -20 100
35
1.0 0.33 0.33
1.0 1.0 1.0
20.0
0 0.0

70 0 140
15
0.0 1.0 0.0
0.0 0.0 0.0
200.0
0 0.0

-70 0 140
15
0.0 1.0 1.0
0.0 0.0 0.0
200.0
0 0.0

0 60 140
25
1.0 0.33 1.0
0.0 0.0 0.0
200.0
0 0.0

5


-100 -100 200
-100 100 200
100 -100 200
0.75 0.75 0.75
0 0 0
2000.0

-100 -100 200
-100 -100 0
-100 100 200
0.75 0.75 0.75
1.0 0 0
10.0

-100 100 200
-100 100 0
100 100 200
1.0 0.2 0.2
1.0 1.0 1.0
100.0

100 -100 200
100 100 200
100 -100 0
0.1255 0.1255 0.75
1.0 1.0 1.0
10.0

-100 -100 200
100 -100 200
-100 -100 0
0.0 1.0 0.0
0 0 0
10.0



1600 1600